-3 0 0 0
-2.96722 0.332018 0.49835 0.4
-2.83331 0.744994 0.427939 0.5
-2.7503 0.916116 0.410264 0.2
-2.6511 1.06862 0.293928 0.2
-2.38586 1.05078 -0.499691 0.5
-2.17756 1.03057 -0.486951 0.4
-1.96939 1.04996 -0.367074 0.4
-1.91685 1.05173 -0.386824 0.1
-1.76069 1.0294 -0.466503 0.3
-1.60511 1.04437 -0.325818 0.3
-1.45137 1.00428 -0.491413 0.3
-1.29946 1.02062 -0.285652 0.3
-1.14652 1.01786 -0.335412 0.3
-1.09518 1.03548 -0.141236 0.1
-0.84852 0.934076 -0.497107 0.5
-0.802074 0.923651 -0.372553 0.1
-0.571393 0.919807 -0.260898 0.5
-0.334794 0.971888 -0.130537 0.5
-0.0975944 0.922913 -0.309226 0.5
0.00087788 1.04703 0.418703 0.2
0.305785 1.3955 0.467614 0.5
0.531069 1.60929 0.453856 0.3
0.613272 1.67894 0.42479 0.1
0.784765 1.75084 0.0863584 0.2
1.12588 1.65679 -0.480554 0.4
1.52534 1.53352 -0.433289 0.5
1.67606 1.47993 -0.409236 0.2
1.96049 1.36092 -0.399932 0.4
2.02765 1.32525 -0.425945 0.1
2.33322 1.11325 -0.44997 0.5
2.43942 1.00954 -0.492239 0.2
2.62081 0.800407 -0.450859 0.4
2.69564 0.695187 -0.409849 0.2
2.78704 0.521267 -0.427245 0.3
2.81153 0.458161 -0.449077 0.1
