0.050000 0.000000 0.000000 0.050000
0.051873 0.041045 0.000000 0.261621
0.058210 0.122582 0.000000 0.310318
0.070401 0.215836 0.000000 0.326827
0.088911 0.306818 0.000000 0.329398
0.113861 0.392607 0.000000 0.328901
0.145341 0.475048 0.000000 0.330085
0.183444 0.556281 0.000000 0.334388
0.228359 0.637867 0.000000 0.341963
0.280304 0.720823 0.000000 0.352438
0.339414 0.805570 0.000000 0.365325
0.405881 0.892348 0.000000 0.380264
0.479927 0.981375 0.000000 0.396934
0.561694 1.072634 0.000000 0.415041
0.651279 1.165996 0.000000 0.434369
0.748842 1.261417 0.000000 0.454779
0.854572 1.358927 0.000000 0.476141
0.968602 1.458448 0.000000 0.498347
1.090947 1.559759 0.000000 0.521288
1.221688 1.662709 0.000000 0.544918
1.360939 1.767221 0.000000 0.569199
1.508838 1.873282 0.000000 0.594083
1.665548 1.980865 0.000000 0.619550
1.831023 2.089750 0.000000 0.645541
2.005232 2.199729 0.000000 0.672034
2.188194 2.310646 0.000000 0.699028
2.379964 2.422395 0.000000 0.726522
2.580611 2.534910 0.000000 0.754508
2.790227 2.648161 0.000000 0.782970
3.008962 2.762115 0.000000 0.811929
3.236690 2.876551 0.000000 0.841352
3.473270 2.991245 0.000000 0.871222
3.718609 3.106005 0.000000 0.901546
3.972650 3.220674 0.000000 0.932339
4.235364 3.335122 0.000000 0.963615
4.506739 3.449244 0.000000 0.995384
4.786781 3.562956 0.000000 1.027652
5.075504 3.676194 0.000000 1.060417
5.372897 3.788872 0.000000 1.093692
5.678814 3.900791 0.000000 1.127493
5.993081 4.011749 0.000000 1.161819
6.315533 4.121563 0.000000 1.196671
6.646018 4.230068 0.000000 1.232058
6.984393 4.337114 0.000000 1.267989
7.330526 4.442562 0.000000 1.304478
7.684290 4.546284 0.000000 1.341543
8.045569 4.648161 0.000000 1.379200
8.414253 4.748082 0.000000 1.417470
8.790201 4.845923 0.000000 1.456370
9.173187 4.941497 0.000000 1.495921
9.562982 5.034620 0.000000 1.536135
9.959354 5.125120 0.000000 1.577021
10.362068 5.212841 0.000000 1.618591
10.770892 5.297633 0.000000 1.660859
11.185596 5.379356 0.000000 1.703841
11.605950 5.457873 0.000000 1.747561
12.031730 5.533053 0.000000 1.792045
12.462715 5.604770 0.000000 1.837324
12.898656 5.672890 0.000000 1.883423
13.339249 5.737246 0.000000 1.930368
13.784192 5.797668 0.000000 1.978181
14.233176 5.854000 0.000000 2.026883
14.685892 5.906098 0.000000 2.076493
15.142027 5.953825 0.000000 2.127032
15.601267 5.997054 0.000000 2.178526
16.063299 6.035657 0.000000 2.231006
16.527809 6.069514 0.000000 2.284508
16.994484 6.098505 0.000000 2.339075
17.462992 6.122511 0.000000 2.394741
17.932959 6.141393 0.000000 2.451541
18.404013 6.155007 0.000000 2.509512
18.875783 6.163222 0.000000 2.568687
19.347895 6.165923 0.000000 2.629099
19.819973 6.163001 0.000000 2.690782
20.291642 6.154354 0.000000 2.753774
20.762526 6.139886 0.000000 2.818120
21.232247 6.119506 0.000000 2.883872
21.700426 6.093124 0.000000 2.951085
22.166674 6.060657 0.000000 3.019812
22.630571 6.022007 0.000000 3.090102
23.091697 5.977074 0.000000 3.162013
23.549637 5.925772 0.000000 3.235598
24.003978 5.868028 0.000000 3.310910
24.454311 5.803779 0.000000 3.388004
24.900225 5.732974 0.000000 3.466939
25.341314 5.655566 0.000000 3.547782
25.777169 5.571516 0.000000 3.630607
26.207380 5.480787 0.000000 3.715497
26.631536 5.383355 0.000000 3.802528
27.049207 5.279187 0.000000 3.891777
27.459955 5.168247 0.000000 3.983333
27.863356 5.050516 0.000000 4.077280
28.258996 4.925988 0.000000 4.173706
28.646465 4.794672 0.000000 4.272698
29.025362 4.656590 0.000000 4.374352
29.395288 4.511774 0.000000 4.478771
29.755847 4.360264 0.000000 4.586068
30.106647 4.202110 0.000000 4.696369
30.447287 4.037363 0.000000 4.809796
30.777369 3.866084 0.000000 4.926468
31.096512 3.688349 0.000000 5.046516
