4.000000 -0.000000 -0.000000 4.000000
3.663178 0.141743 0.141743 3.438352
3.363355 0.253350 0.253350 3.008980
3.094477 0.341948 0.341948 2.674311
2.851792 0.412449 0.412449 2.409301
2.631544 0.468367 0.468367 2.196657
2.430758 0.512304 0.512304 2.024071
2.247022 0.546248 0.546248 1.882555
2.078345 0.571758 0.571758 1.765404
1.923065 0.590083 0.590083 1.667529
1.779776 0.602239 0.602239 1.585005
1.647291 0.609075 0.609075 1.514765
1.524650 0.611321 0.611321 1.454381
1.411016 0.609604 0.609604 1.401919
1.305675 0.604484 0.604484 1.355831
1.208001 0.596461 0.596461 1.314874
1.117437 0.585984 0.585984 1.278042
1.033477 0.573450 0.573450 1.244524
0.955654 0.559211 0.559211 1.213659
0.883532 0.543576 0.543576 1.184913
0.816709 0.526818 0.526818 1.157849
0.754836 0.509198 0.509198 1.132131
0.697588 0.490948 0.490948 1.107488
0.644649 0.472265 0.472265 1.083704
0.595727 0.453331 0.453331 1.060616
0.550549 0.434304 0.434304 1.038102
0.508856 0.415322 0.415322 1.016071
0.470403 0.396504 0.396504 0.994457
0.434957 0.377944 0.377944 0.973208
0.402297 0.359722 0.359722 0.952287
0.372213 0.341898 0.341898 0.931664
0.344516 0.324531 0.324531 0.911331
0.319027 0.307665 0.307665 0.891286
0.295576 0.291331 0.291331 0.871524
0.274006 0.275553 0.275553 0.852048
0.254171 0.260347 0.260347 0.832867
0.235935 0.245725 0.245725 0.813990
0.219172 0.231691 0.231691 0.795427
0.203766 0.218245 0.218245 0.777184
0.189605 0.205381 0.205381 0.759269
0.176591 0.193088 0.193088 0.741686
0.164630 0.181358 0.181358 0.724440
0.153637 0.170176 0.170176 0.707539
0.143532 0.159526 0.159526 0.690983
0.134244 0.149393 0.149393 0.674774
0.125704 0.139759 0.139759 0.658915
0.117853 0.130607 0.130607 0.643407
0.110633 0.121918 0.121918 0.628251
0.103993 0.113675 0.113675 0.613445
0.097886 0.105859 0.105859 0.598987
0.092268 0.098452 0.098452 0.584874
0.087098 0.091436 0.091436 0.571101
0.082341 0.084793 0.084793 0.557664
0.077963 0.078506 0.078506 0.544558
0.073933 0.072558 0.072558 0.531778
0.070222 0.066932 0.066932 0.519317
0.066805 0.061614 0.061614 0.507169
0.063658 0.056589 0.056589 0.495330
0.060759 0.051842 0.051842 0.483792
0.058089 0.047359 0.047359 0.472550
0.055629 0.043127 0.043127 0.461595
0.053362 0.039134 0.039134 0.450922
0.051273 0.035368 0.035368 0.440522
0.049348 0.031816 0.031816 0.430390
0.047574 0.028469 0.028469 0.420518
0.045940 0.025316 0.025316 0.410900
0.044433 0.022348 0.022348 0.401527
0.043045 0.019554 0.019554 0.392395
0.041765 0.016926 0.016926 0.383495
0.040586 0.014456 0.014456 0.374822
0.039499 0.012135 0.012135 0.366370
0.038499 0.009957 0.009957 0.358131
0.037577 0.007914 0.007914 0.350099
0.036727 0.006000 0.006000 0.342269
0.035946 0.004207 0.004207 0.334634
0.035226 0.002531 0.002531 0.327189
0.034564 0.000965 0.000965 0.319928
0.033954 -0.000495 -0.000495 0.312845
0.033394 -0.001856 -0.001856 0.305935
0.032879 -0.003121 -0.003121 0.299193
0.032406 -0.004296 -0.004296 0.292612
0.031972 -0.005384 -0.005384 0.286189
0.031573 -0.006390 -0.006390 0.279919
0.031207 -0.007317 -0.007317 0.273795
0.030872 -0.008169 -0.008169 0.267815
0.030566 -0.008950 -0.008950 0.261974
0.030285 -0.009662 -0.009662 0.256266
0.030028 -0.010308 -0.010308 0.250687
0.029794 -0.010892 -0.010892 0.245233
0.029580 -0.011417 -0.011417 0.239900
0.029386 -0.011883 -0.011883 0.234683
0.029209 -0.012295 -0.012295 0.229579
0.029048 -0.012654 -0.012654 0.224582
0.028902 -0.012962 -0.012962 0.219691
0.028770 -0.013221 -0.013221 0.214900
0.028650 -0.013434 -0.013434 0.210206
0.028542 -0.013601 -0.013601 0.205605
0.028445 -0.013725 -0.013725 0.201092
0.028358 -0.013807 -0.013807 0.196664
0.028280 -0.013849 -0.013849 0.192316
0.028210 -0.013851 -0.013851 0.188045
