-3.000000 0.000000
-2.999245 0.030299
-2.996960 0.061196
-2.993116 0.092685
-2.987682 0.124764
-2.980629 0.157428
-2.971929 0.190672
-2.961553 0.224492
-2.949471 0.258881
-2.935656 0.293834
-2.920079 0.329345
-2.902712 0.365407
-2.883529 0.402013
-2.862501 0.439156
-2.839604 0.476827
-2.814810 0.515018
-2.788094 0.553721
-2.759430 0.592926
-2.728793 0.632623
-2.696160 0.672803
-2.661505 0.713455
-2.624807 0.754567
-2.586041 0.796130
-2.545186 0.838130
-2.502220 0.880555
-2.457123 0.923392
-2.409874 0.966628
-2.360455 1.010250
-2.308844 1.054242
-2.255025 1.098591
-2.198980 1.143281
-2.140691 1.188297
-2.080144 1.233622
-2.017324 1.279239
-1.952215 1.325132
-1.884806 1.371283
-1.815083 1.417673
-1.743035 1.464285
-1.668652 1.511099
-1.591923 1.558095
-1.512840 1.605254
-1.431395 1.652555
-1.347582 1.699977
-1.261395 1.747499
-1.172830 1.795098
-1.081884 1.842752
-0.988554 1.890438
-0.892841 1.938133
-0.794742 1.985812
-0.694261 2.033452
-0.591398 2.081027
-0.486159 2.128512
-0.378549 2.175882
-0.268573 2.223110
-0.156240 2.270169
-0.041559 2.317032
0.075460 2.363672
0.194804 2.410060
0.316460 2.456169
0.440415 2.501968
0.566651 2.547429
0.695152 2.592522
0.825897 2.637217
0.958867 2.681483
1.094038 2.725289
1.231388 2.768603
1.370890 2.811394
1.512518 2.853630
1.656243 2.895278
1.802035 2.936306
1.949862 2.976679
2.099691 3.016364
2.251487 3.055328
2.405212 3.093536
2.560828 3.130954
2.718294 3.167546
2.877568 3.203278
3.038606 3.238114
3.201363 3.272019
3.365792 3.304956
3.531842 3.336889
3.699463 3.367782
3.868602 3.397599
4.039205 3.426302
4.211214 3.453854
4.384571 3.480219
4.559216 3.505359
4.735086 3.529237
4.912117 3.551815
5.090244 3.573055
5.269399 3.592920
5.449513 3.611371
5.630513 3.628371
5.812325 3.643883
5.994876 3.657867
6.178086 3.670287
6.361878 3.681104
6.546170 3.690281
6.730878 3.697779
6.915919 3.703562
7.101205 3.707591
