3.000000 0.000000
2.999255 0.029700
2.997040 0.058796
2.993385 0.087288
2.988321 0.115172
2.981878 0.142447
2.974087 0.169111
2.964977 0.195164
2.954580 0.220604
2.942926 0.245431
2.930047 0.269645
2.915972 0.293246
2.900733 0.316235
2.884359 0.338612
2.866882 0.360378
2.848332 0.381535
2.828739 0.402084
2.808134 0.422027
2.786546 0.441366
2.764006 0.460104
2.740545 0.478243
2.716192 0.495786
2.690977 0.512736
2.664929 0.529097
2.638077 0.544872
2.610452 0.560065
2.582080 0.574680
2.552993 0.588721
2.523217 0.602193
2.492783 0.615099
2.461717 0.627446
2.430047 0.639237
2.397802 0.650479
2.365009 0.661176
2.331694 0.671334
2.297885 0.680959
2.263607 0.690056
2.228888 0.698631
2.193752 0.706690
2.158227 0.714240
2.122336 0.721287
2.086106 0.727837
2.049561 0.733898
2.012725 0.739475
1.975622 0.744576
1.938275 0.749207
1.900709 0.753375
1.862945 0.757088
1.825007 0.760353
1.786917 0.763177
1.748697 0.765567
1.710367 0.767530
1.671951 0.769075
1.633467 0.770209
1.594937 0.770939
1.556380 0.771273
1.517816 0.771218
1.479264 0.770783
1.440744 0.769975
1.402273 0.768801
1.363869 0.767271
1.325552 0.765391
1.287336 0.763169
1.249240 0.760613
1.211280 0.757732
1.173473 0.754532
1.135832 0.751023
1.098375 0.747211
1.061116 0.743104
1.024070 0.738711
0.987250 0.734040
0.950670 0.729097
0.914344 0.723892
0.878285 0.718431
0.842505 0.712723
0.807017 0.706775
0.771832 0.700595
0.736961 0.694190
0.702416 0.687569
0.668208 0.680738
0.634346 0.673706
0.600840 0.666479
0.567701 0.659066
0.534937 0.651473
0.502557 0.643709
0.470569 0.635779
0.438981 0.627691
0.407802 0.619453
0.377039 0.611071
0.346697 0.602553
0.316785 0.593905
0.287309 0.585135
0.258274 0.576248
0.229686 0.567253
0.201550 0.558154
0.173872 0.548960
0.146656 0.539676
0.119906 0.530308
0.093626 0.520863
0.067821 0.511348
0.042492 0.501768
