0.500000 0.000000 0.000000 0.500000
0.522899 -0.021556 0.000000 0.539293
0.547010 -0.046057 0.000000 0.576488
0.572528 -0.073206 0.000000 0.611497
0.599632 -0.102651 0.000000 0.644250
0.628486 -0.134005 0.000000 0.674713
0.659224 -0.166853 0.000000 0.702890
0.691959 -0.200781 0.000000 0.728830
0.726784 -0.235382 0.000000 0.752624
0.763769 -0.270272 0.000000 0.774396
0.802973 -0.305098 0.000000 0.794300
0.844435 -0.339541 0.000000 0.812507
0.888164 -0.373323 0.000000 0.829203
0.934156 -0.406204 0.000000 0.844576
0.982390 -0.437989 0.000000 0.858810
1.032834 -0.468521 0.000000 0.872083
1.085443 -0.497677 0.000000 0.884560
1.140166 -0.525365 0.000000 0.896393
1.196949 -0.551512 0.000000 0.907719
1.255735 -0.576066 0.000000 0.918664
1.316464 -0.598987 0.000000 0.929339
1.379062 -0.620260 0.000000 0.939835
1.443448 -0.639878 0.000000 0.950234
1.509546 -0.657842 0.000000 0.960605
1.577273 -0.674161 0.000000 0.971004
1.646547 -0.688855 0.000000 0.981477
1.717282 -0.701945 0.000000 0.992060
1.789394 -0.713456 0.000000 1.002783
1.862799 -0.723415 0.000000 1.013671
1.937412 -0.731848 0.000000 1.024746
2.013151 -0.738777 0.000000 1.036025
2.089929 -0.744237 0.000000 1.047519
2.167658 -0.748259 0.000000 1.059233
2.246254 -0.750873 0.000000 1.071175
2.325631 -0.752109 0.000000 1.083348
2.405704 -0.752001 0.000000 1.095751
2.486389 -0.750583 0.000000 1.108384
2.567602 -0.747889 0.000000 1.121243
2.649260 -0.743952 0.000000 1.134326
2.731279 -0.738805 0.000000 1.147630
2.813577 -0.732479 0.000000 1.161155
2.896074 -0.725008 0.000000 1.174894
2.978690 -0.716427 0.000000 1.188844
3.061346 -0.706768 0.000000 1.203002
3.143963 -0.696063 0.000000 1.217365
3.226466 -0.684348 0.000000 1.231928
3.308779 -0.671656 0.000000 1.246686
3.390830 -0.658023 0.000000 1.261634
3.472544 -0.643484 0.000000 1.276768
3.553851 -0.628074 0.000000 1.292085
3.634677 -0.611829 0.000000 1.307582
3.714956 -0.594783 0.000000 1.323255
3.794621 -0.576973 0.000000 1.339102
3.873605 -0.558435 0.000000 1.355120
3.951843 -0.539203 0.000000 1.371308
4.029274 -0.519315 0.000000 1.387663
4.105839 -0.498806 0.000000 1.404182
4.181479 -0.477713 0.000000 1.420865
4.256137 -0.456075 0.000000 1.437708
4.329760 -0.433927 0.000000 1.454710
4.402291 -0.411309 0.000000 1.471870
4.473681 -0.388256 0.000000 1.489188
4.543882 -0.364808 0.000000 1.506663
4.612843 -0.341001 0.000000 1.524294
4.680520 -0.316874 0.000000 1.542082
4.746871 -0.292466 0.000000 1.560027
4.811853 -0.267813 0.000000 1.578129
4.875431 -0.242953 0.000000 1.596388
4.937567 -0.217925 0.000000 1.614805
4.998227 -0.192767 0.000000 1.633380
5.057378 -0.167517 0.000000 1.652115
5.114992 -0.142213 0.000000 1.671011
5.171039 -0.116893 0.000000 1.690070
5.225494 -0.091598 0.000000 1.709292
5.278333 -0.066364 0.000000 1.728681
5.329536 -0.041230 0.000000 1.748237
5.379083 -0.016233 0.000000 1.767965
5.426959 0.008589 0.000000 1.787866
5.473152 0.033199 0.000000 1.807945
5.517649 0.057559 0.000000 1.828203
5.560440 0.081632 0.000000 1.848645
5.601520 0.105382 0.000000 1.869275
5.640883 0.128770 0.000000 1.890097
5.678527 0.151760 0.000000 1.911116
5.714452 0.174313 0.000000 1.932335
5.748659 0.196393 0.000000 1.953760
5.781155 0.217965 0.000000 1.975399
5.811946 0.238992 0.000000 1.997258
5.841042 0.259440 0.000000 2.019345
5.868454 0.279272 0.000000 2.041668
5.894196 0.298453 0.000000 2.064235
5.918285 0.316948 0.000000 2.087057
5.940738 0.334721 0.000000 2.110145
5.961577 0.351737 0.000000 2.133507
5.980825 0.367960 0.000000 2.157157
5.998508 0.383355 0.000000 2.181108
6.014653 0.397888 0.000000 2.205378
6.029289 0.411524 0.000000 2.229986
6.042449 0.424227 0.000000 2.254953
6.054166 0.435962 0.000000 2.280300
6.064476 0.446696 0.000000 2.306050
