400.000000 -0.000000 -0.000000 400.000000
380.777723 -11.560393 -11.560393 14.610190
341.170846 -21.868131 -21.868131 10.384480
289.757693 -28.701863 -28.701863 9.361919
236.249868 -31.804046 -31.804046 9.216315
187.044678 -31.875241 -31.875241 9.244213
145.389249 -29.998392 -29.998392 9.178025
111.955209 -27.119928 -27.119928 8.943319
85.897678 -23.886573 -23.886573 8.551496
65.967119 -20.703105 -20.703105 8.050739
50.887844 -17.783427 -17.783427 7.492763
39.497602 -15.204299 -15.204299 6.915606
30.880481 -12.978472 -12.978472 6.346940
24.339627 -11.085879 -11.085879 5.805215
19.345562 -9.488813 -9.488813 5.300073
15.502688 -8.144553 -8.144553 4.835029
12.523113 -7.014156 -7.014156 4.410908
10.194983 -6.062925 -6.062925 4.026581
8.362542 -5.261364 -5.261364 3.679973
6.908061 -4.583457 -4.583457 3.367729
5.744373 -4.007962 -4.007962 3.086536
4.806693 -3.517762 -3.517762 2.833387
4.045532 -3.098455 -3.098455 2.605238
3.424014 -2.738750 -2.738750 2.399671
2.913264 -2.428969 -2.428969 2.214202
2.490798 -2.161020 -2.161020 2.046498
2.139239 -1.928313 -1.928313 1.894536
1.845095 -1.725491 -1.725491 1.756599
1.597774 -1.548154 -1.548154 1.631208
1.388694 -1.392479 -1.392479 1.516924
1.211256 -1.255497 -1.255497 1.412683
1.060061 -1.134634 -1.134634 1.317475
0.930672 -1.027651 -1.027651 1.230336
0.819474 -0.932650 -0.932650 1.150409
0.723529 -0.848036 -0.848036 1.076944
0.640445 -0.772468 -0.772468 1.009296
0.568259 -0.704815 -0.704815 0.946908
0.505355 -0.644118 -0.644118 0.889296
0.450372 -0.589537 -0.589537 0.836007
0.402170 -0.540340 -0.540340 0.786633
0.359806 -0.495915 -0.495915 0.740838
0.322480 -0.455724 -0.455724 0.698313
0.289516 -0.419299 -0.419299 0.658776
0.260335 -0.386226 -0.386226 0.621970
0.234445 -0.356143 -0.356143 0.587661
0.211425 -0.328733 -0.328733 0.555637
0.190915 -0.303717 -0.303717 0.525709
0.172606 -0.280850 -0.280850 0.497705
0.156231 -0.259917 -0.259917 0.471473
0.141560 -0.240725 -0.240725 0.446872
0.128394 -0.223108 -0.223108 0.423781
0.116562 -0.206918 -0.206918 0.402092
0.105914 -0.192023 -0.192023 0.381703
0.096319 -0.178306 -0.178306 0.362522
0.087661 -0.165658 -0.165658 0.344462
0.079838 -0.153985 -0.153985 0.327443
0.072761 -0.143199 -0.143199 0.311388
0.066351 -0.133221 -0.133221 0.296230
0.060539 -0.123984 -0.123984 0.281906
0.055264 -0.115423 -0.115423 0.268361
0.050471 -0.107483 -0.107483 0.255545
0.046112 -0.100114 -0.100114 0.243412
0.042146 -0.093269 -0.093269 0.231920
0.038534 -0.086909 -0.086909 0.221030
0.035242 -0.080994 -0.080994 0.210705
0.032240 -0.075490 -0.075490 0.200909
0.029501 -0.070364 -0.070364 0.191608
0.026999 -0.065588 -0.065588 0.182773
0.024713 -0.061136 -0.061136 0.174374
0.022624 -0.056982 -0.056982 0.166388
0.020713 -0.053105 -0.053105 0.158789
0.018965 -0.049486 -0.049486 0.151558
0.017365 -0.046105 -0.046105 0.144673
0.015900 -0.042947 -0.042947 0.138116
0.014559 -0.039995 -0.039995 0.131869
0.013331 -0.037236 -0.037236 0.125916
0.012206 -0.034655 -0.034655 0.120240
0.011176 -0.032241 -0.032241 0.114825
0.010233 -0.029982 -0.029982 0.109658
0.009368 -0.027868 -0.027868 0.104726
0.008576 -0.025888 -0.025888 0.100017
0.007851 -0.024035 -0.024035 0.095519
0.007187 -0.022300 -0.022300 0.091223
0.006579 -0.020676 -0.020676 0.087119
0.006023 -0.019155 -0.019155 0.083197
0.005514 -0.017731 -0.017731 0.079449
0.005049 -0.016398 -0.016398 0.075865
0.004624 -0.015149 -0.015149 0.072438
0.004236 -0.013980 -0.013980 0.069160
0.003882 -0.012886 -0.012886 0.066024
0.003559 -0.011862 -0.011862 0.063024
0.003264 -0.010903 -0.010903 0.060153
0.002997 -0.010007 -0.010007 0.057406
0.002753 -0.009168 -0.009168 0.054777
0.002532 -0.008384 -0.008384 0.052260
0.002332 -0.007652 -0.007652 0.049852
0.002150 -0.006967 -0.006967 0.047547
0.001987 -0.006328 -0.006328 0.045339
0.001839 -0.005732 -0.005732 0.043226
0.001706 -0.005176 -0.005176 0.041203
0.001587 -0.004657 -0.004657 0.039266
